# Created by Octave 3.8.2, Wed Feb 14 18:18:05 2018 UTC <jovyan@68849e05c0bd>
# name: model
# type: scalar struct
# ndims: 2
 1 1
# length: 9
# name: OCV0
# type: matrix
# rows: 1
# columns: 201
 2.814707791805265 2.938684465935784 3.015169968591586 3.074111962051017 3.12544054453029 3.170819366101336 3.211318183832678 3.247633556666595 3.280614771567702 3.310924382808319 3.3384931271909 3.363987258466541 3.387806889276801 3.40975716114281 3.430340664777376 3.449613328364333 3.467459890429144 3.484193569729301 3.500100647692337 3.513984765400059 3.525658763585453 3.533075292011184 3.536406297736483 3.538527639546589 3.540784875167697 3.543165851266552 3.545501512453539 3.547970595309452 3.5506172418082 3.553232471549324 3.556020619887334 3.558990844536757 3.562227320967263 3.565710787338328 3.569232039771739 3.573449436086802 3.577525436136219 3.582357592304244 3.587444145223058 3.592807255986513 3.598557657204198 3.60439086616193 3.610377731545781 3.616317517909013 3.622536142257997 3.628411860261934 3.6343498374539 3.640479776564108 3.646503251841669 3.652945080521373 3.659287476468362 3.666151991587848 3.67273773940612 3.678827637191548 3.68468219365356 3.690585580831649 3.696757799354965 3.703309644278 3.710369603175614 3.717563819861159 3.724955290575352 3.731583622621672 3.737589848752961 3.742575250193675 3.747192534436598 3.751569214500234 3.755964122165519 3.760100421708485 3.764206589952314 3.768188526746597 3.772030733296206 3.775687126646698 3.779408550434254 3.782816536904968 3.786451858356647 3.789938249636269 3.79324878651441 3.796519280372289 3.799855293485074 3.802805764420294 3.805732104502043 3.808707264328384 3.811861419083439 3.814520349722011 3.817345480660435 3.820024756747184 3.822620192094296 3.825278410311367 3.827839374463611 3.830302888887433 3.832712155768771 3.835308495506784 3.837818634616526 3.840052526690388 3.842432286950767 3.844719635587466 3.847202360521811 3.849651512643064 3.851755772482731 3.854184760379708 3.856418175448316 3.8585693146765 3.860667440839173 3.862835874412333 3.865127235471445 3.86735538593506 3.869288253920219 3.871688961936558 3.873648744684365 3.875741394191756 3.877929632454018 3.880144726178741 3.882406653311838 3.884599579480353 3.886688600198364 3.888917711806668 3.891114099111097 3.893374773479733 3.895759952460857 3.898009981678963 3.900295312956 3.902661133241429 3.905118670503719 3.907596873228262 3.910106646256443 3.91277127543149 3.915397360158687 3.918197777639603 3.921079760288844 3.923926646769157 3.927225517000159 3.930520193082685 3.934191051796541 3.938307630706356 3.942279245572509 3.946288480840156 3.950661754844182 3.955051264982875 3.959634035322568 3.964276802704195 3.968794624417472 3.973307228394688 3.977706206922562 3.981569683141382 3.985438343369316 3.98914727952232 3.992715813773513 3.995981731277616 3.999055039959926 4.002161225545962 4.004958159887195 4.007810491330829 4.010486481590335 4.013022508755112 4.015412012306626 4.017573833069955 4.019836288868864 4.021986783598374 4.024075913589861 4.025890075794744 4.027842137154837 4.029806203886615 4.031409565749746 4.033224608115245 4.034810189726125 4.036451459890483 4.038080757878976 4.039678653813109 4.041198898154289 4.042935418529447 4.044586666465847 4.045956220857956 4.047754588852353 4.049422040793373 4.051079634953441 4.052916537841524 4.05470142796525 4.056490900267618 4.058327122617777 4.060379367449343 4.062480264587889 4.064694471247994 4.067002812149072 4.069351854886691 4.071709910108889 4.074496016941481 4.077215684527114 4.080251898475659 4.08325159821948 4.086556700392043 4.090123579185259 4.093844150408518 4.09796477082413 4.102363033009593 4.107083677530707 4.112143976942017 4.117757571010502 4.123824472508118 4.130473636687974 4.138266830462245 4.148782730102536


# name: OCVrel
# type: matrix
# rows: 1
# columns: 201
 -0.0001870894432066952 -0.0008902035851797269 -0.0007774134838430884 -0.0006718826749933952 -0.0006158870383035435 -0.0005722567871125702 -0.000530431264305014 -0.0005001832497068308 -0.0004805683743726198 -0.0004671867711676512 -0.0004454767987919029 -0.000427328721343325 -0.0004195264830469408 -0.0004084102728944133 -0.0003991501250304897 -0.0003919297199243658 -0.0003805595811089231 -0.000369753832692184 -0.0003653219432034309 -0.0003342713641508075 -0.0002838695146036255 -0.000169938551588367 -4.185507722647512e-05 2.287073175423159e-05 4.054744286081381e-05 4.210058687392213e-05 4.030951772703697e-05 3.533904611449362e-05 2.923168421729561e-05 2.547597697763022e-05 1.896254309782109e-05 1.38056314685659e-05 3.105375216235048e-06 -1.20031289489599e-05 -1.677262842478326e-05 -3.639841319929307e-05 -4.455576877483122e-05 -6.131606393234963e-05 -7.526206983000761e-05 -8.461989018630771e-05 -9.675419213893764e-05 -0.0001042661599689824 -0.000107601438614393 -0.0001031469263787804 -0.0001076363276324278 -9.499878572033575e-05 -9.126065157118975e-05 -8.934572489177499e-05 -7.983121498625603e-05 -7.562504081666489e-05 -5.870499931073093e-05 -6.134604544698452e-05 -6.566048373947077e-05 -6.962599726685009e-05 -6.684177352646526e-05 -5.61805211890491e-05 -4.032541373626273e-05 -2.579759853591568e-05 -1.824719255044837e-05 -1.761752024832621e-05 -4.299357614486559e-05 -6.886149192638299e-05 -9.462491201382612e-05 -9.570035316389165e-05 -8.931539181970329e-05 -7.058406412701471e-05 -5.617961325770394e-05 -3.039929441871562e-05 -6.148641609099451e-06 2.486787719818639e-05 5.396391487498812e-05 8.617283231738721e-05 0.0001121341582830167 0.0001380990713598773 0.0001495474079089391 0.0001571919386033097 0.0001708735172324976 0.0001797707777118223 0.0001833760265584812 0.0001956843601769999 0.0002058304283796282 0.0002127452258581451 0.0002089901866064564 0.0002191167610267592 0.0002235136706994702 0.0002268966965800205 0.0002318271724717785 0.000232604117207631 0.0002346437301506612 0.0002373505460971413 0.0002427832909556757 0.0002391691425523121 0.0002353198874202758 0.0002402461181069758 0.000243722423357643 0.0002463111525563451 0.0002422427466717336 0.0002339762971864741 0.0002434006994069703 0.0002353577463683544 0.0002385043743490077 0.0002355190117775912 0.0002351438098860912 0.000231924829231498 0.0002257840680606221 0.0002193168722943244 0.0002247831960718437 0.0002116811705511151 0.0002135840273075963 0.0002127206621102529 0.0002056629304268675 0.0001972899148506563 0.0001922910181345142 0.0001880673999531354 0.0001854553156125087 0.0001783722175738877 0.000174630583246121 0.0001669098086570829 0.0001608269820660705 0.0001573469868249063 0.000152181085599522 0.0001511030320529328 0.0001454568982493659 0.0001415642555505979 0.0001374111925394642 0.000128619093377229 0.0001303730231941448 0.0001279002142464849 0.0001263067061514248 0.0001312371634483585 0.000134380254830908 0.0001472685311400878 0.0001635868742925867 0.0001823550551056378 0.0002242980780513863 0.0002724951773942337 0.0003158596694021619 0.0003526020826415089 0.0003645624957689755 0.000364266912531597 0.0003536885055537889 0.0003321691370841778 0.0003062945250224557 0.0002899671683180483 0.000270562360824311 0.0002510024570212023 0.0002319810802735406 0.0002213975775091572 0.0002162421703227519 0.0002027209606203311 0.0001986352590802683 0.0001918882028444956 0.0001864957575746626 0.0001830428437412334 0.0001827593603248887 0.0001843444485560019 0.0001817879995637649 0.0001801814755888031 0.0001782639078461809 0.000183762636390812 0.0001849077449429912 0.0001805909710355034 0.000185478170753418 0.0001806230037743209 0.0001848668781344479 0.000184760715065161 0.000189427913190148 0.0001923420052211637 0.0001944412450476943 0.0001905133049656377 0.0001904277657092363 0.0001961757744724073 0.0001962791325990272 0.0001991692832381627 0.0002008032649003485 0.0002008251065879593 0.0002008563610070543 0.0002027653120011495 0.0002074777843124212 0.0002067639696549886 0.0002064412090463854 0.0002056565464561164 0.0002022404554599779 0.0002048848568246799 0.0002098732575085707 0.0002014806396692815 0.0002042220599186035 