# Created by Octave 4.2.2, Sun Jan 29 21:50:37 2023 UTC <jovyan@f7fbbd1c6f2f>
# name: model
# type: scalar struct
# ndims: 2
 1 1
# length: 18
# name: OCV0
# type: matrix
# rows: 1
# columns: 201
 2.814707791805265 2.938684465935784 3.015169968591586 3.074111962051017 3.12544054453029 3.170819366101336 3.211318183832678 3.247633556666593 3.280614771567702 3.310924382808319 3.3384931271909 3.363987258466541 3.387806889276801 3.40975716114281 3.430340664777379 3.449613328364333 3.467459890429144 3.484193569729301 3.500100647692337 3.513984765400059 3.525658763585451 3.533075292011183 3.536406297736483 3.538527639546589 3.540784875167697 3.543165851266552 3.545501512453539 3.547970595309451 3.5506172418082 3.553232471549324 3.556020619887334 3.558990844536757 3.562227320967263 3.565710787338328 3.569232039771739 3.573449436086802 3.577525436136219 3.582357592304244 3.587444145223058 3.592807255986513 3.598557657204198 3.604390866161927 3.610377731545777 3.616317517909013 3.622536142257997 3.628411860261932 3.6343498374539 3.640479776564108 3.646503251841669 3.652945080521372 3.659287476468361 3.666151991587848 3.67273773940612 3.678827637191548 3.684682193653562 3.690585580831649 3.696757799354965 3.703309644278 3.710369603175614 3.717563819861159 3.724955290575352 3.731583622621672 3.737589848752961 3.742575250193673 3.747192534436595 3.751569214500235 3.755964122165519 3.760100421708485 3.764206589952314 3.768188526746597 3.772030733296206 3.775687126646698 3.779408550434252 3.782816536904968 3.786451858356647 3.789938249636269 3.79324878651441 3.796519280372289 3.799855293485074 3.802805764420294 3.805732104502043 3.808707264328384 3.811861419083439 3.814520349722011 3.817345480660431 3.820024756747184 3.822620192094296 3.825278410311367 3.827839374463608 3.830302888887433 3.832712155768771 3.835308495506784 3.837818634616526 3.840052526690388 3.842432286950767 3.844719635587466 3.847202360521814 3.849651512643066 3.851755772482728 3.854184760379708 3.856418175448316 3.8585693146765 3.860667440839173 3.862835874412331 3.865127235471443 3.86735538593506 3.869288253920219 3.871688961936558 3.873648744684362 3.875741394191758 3.877929632454018 3.88014472617874 3.882406653311838 3.884599579480355 3.886688600198366 3.888917711806668 3.891114099111097 3.893374773479733 3.895759952460857 3.898009981678963 3.900295312956 3.902661133241429 3.905118670503719 3.907596873228262 3.910106646256443 3.912771275431487 3.915397360158686 3.918197777639603 3.921079760288844 3.923926646769157 3.927225517000159 3.930520193082685 3.934191051796541 3.938307630706356 3.942279245572509 3.946288480840157 3.950661754844182 3.955051264982875 3.959634035322568 3.964276802704195 3.968794624417472 3.973307228394691 3.977706206922565 3.981569683141382 3.985438343369316 3.98914727952232 3.992715813773513 3.995981731277616 3.999055039959926 4.002161225545962 4.004958159887195 4.007810491330834 4.010486481590335 4.013022508755112 4.015412012306626 4.017573833069955 4.019836288868864 4.021986783598374 4.024075913589861 4.025890075794744 4.027842137154837 4.029806203886615 4.031409565749742 4.033224608115245 4.034810189726125 4.036451459890483 4.038080757878976 4.039678653813109 4.041198898154289 4.042935418529447 4.044586666465851 4.045956220857956 4.047754588852353 4.049422040793373 4.051079634953443 4.052916537841524 4.05470142796525 4.056490900267618 4.058327122617777 4.060379367449344 4.062480264587889 4.064694471247994 4.067002812149072 4.069351854886691 4.071709910108889 4.074496016941485 4.077215684527114 4.080251898475659 4.08325159821948 4.086556700392043 4.090123579185259 4.093844150408518 4.097964770824127 4.102363033009593 4.107083677530707 4.112143976942015 4.117757571010502 4.123824472508118 4.130473636687974 4.138266830462245 4.148782730102536


# name: OCVrel
# type: matrix
# rows: 1
# columns: 201
 -0.0001870894432067018 -0.0008902035851797345 -0.0007774134838430833 -0.0006718826749933954 -0.0006158870383035494 -0.0005722567871125744 -0.0005304312643050181 -0.0005001832497068233 -0.0004805683743726119 -0.0004671867711676457 -0.0004454767987918962 -0.0004273287213433194 -0.0004195264830469368 -0.0004084102728944136 -0.0003991501250305431 -0.0003919297199243629 -0.0003805595811089256 -0.0003697538326921802 -0.0003653219432034372 -0.0003342713641508108 -0.0002838695146035821 -0.0001699385515883576 -4.185507722647612e-05 2.287073175422657e-05 4.054744286080746e-05 4.210058687392829e-05 4.030951772704342e-05 3.533904611448146e-05 2.923168421729134e-05 2.547597697762697e-05 1.89625430978257e-05 1.380563146856951e-05 3.10537521623428e-06 -1.200312894896498e-05 -1.677262842477942e-05 -3.639841319930019e-05 -4.455576877483387e-05 -6.131606393234207e-05 -7.526206983000492e-05 -8.461989018631183e-05 -9.675419213893388e-05 -0.0001042661599689218 -0.0001076014386143433 -0.0001031469263787783 -0.0001076363276324283 -9.499878572030342e-05 -9.12606515711858e-05 -8.934572489177946e-05 -7.983121498625065e-05 -7.562504081669807e-05 -5.870499931070476e-05 -6.134604544698692e-05 -6.566048373947716e-05 -6.962599726684984e-05 -6.684177352650684e-05 -5.618052118905103e-05 -4.032541373625634e-05 -2.579759853591734e-05 -1.824719255044479e-05 -1.761752024832726e-05 -4.299357614487332e-05 -6.886149192637692e-05 -9.462491201382998e-05 -9.570035316386689e-05 -8.931539181965035e-05 -7.05840641270483e-05 -5.617961325770774e-05 -3.039929441871106e-05 -6.148641609094855e-06 2.486787719818783e-05 5.396391487499085e-05 8.617283231739269e-05 0.0001121341582830433 0.0001380990713598754 0.0001495474079089324 0.0001571919386033099 0.0001708735172324998 0.0001797707777118151 0.0001833760265584794 0.0001956843601770053 0.0002058304283796327 0.0002127452258581432 0.0002089901866064642 0.0002191167610267641 0.0002235136706995348 0.0002268966965800127 0.0002318271724717796 0.0002326041172076275 0.0002346437301507292 0.000237350546097135 0.0002427832909556746 0.0002391691425523132 0.0002353198874202701 0.0002402461181069832 0.0002437224233576415 0.0002463111525563502 0.0002422427466716874 0.000233976297186444 0.0002434006994070371 0.0002353577463683502 0.0002385043743490026 0.0002355190117775894 0.0002351438098860981 0.0002319248292314965 0.0002257840680606817 0.0002193168722943203 0.000224783196071851 0.0002116811705511201 0.0002135840273076346 0.0002127206621102084 0.0002056629304268655 0.0001972899148506851 0.0001922910181345122 0.0001880673999531075 0.0001854553156124788 0.000178372217573894 0.0001746305832461224 0.0001669098086570878 0.0001608269820660707 0.0001573469868249126 0.0001521810855995237 0.0001511030320529342 0.0001454568982493689 0.000141564255550594 0.0001374111925394676 0.000128619093377266 0.0001303730231941991 0.0001279002142464836 0.0001263067061514184 0.0001312371634483525 0.0001343802548309115 0.0001472685311400846 0.0001635868742925915 0.0001823550551056457 0.0002242980780513872 0.0002724951773942407 0.0003158596694021663 0.0003526020826415117 0.000364562495768978 0.0003642669125316011 0.0003536885055537957 0.0003321691370841476 0.0003062945250224088 0.0002899671683180492 0.0002705623608243127 0.000251002457021202 0.0002319810802735407 0.0002213975775091558 0.0002162421703227489 0.0002027209606203314 0.0001986352590802617 0.0001918882028444017 0.0001864957575746654 0.0001830428437412381 0.0001827593603248892 0.0001843444485559945 0.0001817879995637672 0.0001801814755888027 0.0001782639078461847 0.0001837626363908174 0.0001849077449429981 0.0001805909710355017 0.0001854781707534836 0.0001806230037743139 0.0001848668781344543 0.0001847607150651668 0.0001894279131901411 0.0001923420052211713 0.0001944412450476974 0.0001905133049656415 0.0001904277657091446 0.0001961757744724091 0.0001962791325990195 0.0001991692832381603 0.0002008032649003128 0.0002008251065879516 0.0002008563610070516 0.0002027653120011463 0.0002074777843124155 0.0002067639696549833 0.0002064412090463931 0.0002056565464561193 0.0002022404554599703 0.0002048848568246739 0.0002098732575085643 0.0002014806396692274 